1 0 1.03719e+15
0 1 3.3855e+27
1 1 2.03366e+17
2 1 1.32407e+10
1 2 1.14009e+17
2 2 1.4477e+31
4 2 2.42497e-67
3 3 2.526e+12
4 3 4.85554e+10
5 3 2.42497e-67
6 3 2.42497e-67
3 4 7.8445e+17
5 4 1.90124e+08
6 4 2.42497e-67
7 4 2.42497e-67
8 4 2.42497e-67
3 5 2.18014e+09
5 5 2.68425e+12
6 5 1.24708e+13
7 5 2.42497e-67
8 5 2.42497e-67
9 5 2.42497e-67
3 6 1.60453e+08
4 6 7.88827e+16
5 6 1.50064e+18
6 6 6.92958e+28
7 6 8.42288e+17
8 6 2.6919e+11
9 6 2.42497e-67
10 6 2.42497e-67
11 6 2.42497e-67
12 6 2.42497e-67
4 7 2.42497e-67
5 7 7.61721e+13
6 7 3.41954e+23
7 7 6.13792e+20
8 7 1.98684e+21
9 7 2.42497e-67
10 7 2.42497e-67
11 7 2.42497e-67
12 7 2.42497e-67
13 7 2.42497e-67
14 7 2.42497e-67
5 8 2.84674e+12
6 8 5.84767e+23
7 8 6.15193e+23
8 8 1.34246e+31
9 8 3.93198e+17
10 8 1.13248e+14
11 8 2.42497e-67
12 8 2.42497e-67
13 8 2.42497e-67
14 8 2.42497e-67
8 9 1.70251e+21
9 9 3.21253e+18
10 9 3.05e+18
11 9 2.42497e-67
12 9 2.42497e-67
13 9 2.42497e-67
14 9 2.42497e-67
15 9 2.42497e-67
16 9 2.42497e-67
17 9 2.42497e-67
7 10 2.42497e-67
8 10 1.44578e+20
9 10 2.52924e+20
10 10 3.51799e+30
11 10 1.53524e+22
12 10 1.14404e+18
13 10 1.1789e+06
14 10 2.42497e-67
15 10 2.42497e-67
16 10 2.42497e-67
17 10 2.42497e-67
18 10 2.42497e-67
19 10 2.42497e-67
20 10 2.42497e-67
21 10 2.42497e-67
22 10 2.42497e-67
23 10 2.42497e-67
24 10 2.42497e-67
25 10 2.42497e-67
26 10 2.42497e-67
27 10 2.42497e-67
28 10 2.42497e-67
29 10 2.42497e-67
30 10 2.42497e-67
31 10 2.42497e-67
8 11 1.05734e+09
9 11 2.48312e+19
10 11 1.32732e+25
11 11 6.39035e+23
12 11 2.9938e+23
13 11 1.61485e+12
14 11 2.42497e-67
15 11 2.42497e-67
16 11 2.42497e-67
17 11 2.42497e-67
18 11 2.42497e-67
19 11 2.42497e-67
20 11 2.42497e-67
21 11 2.42497e-67
22 11 2.42497e-67
23 11 2.42497e-67
24 11 2.42497e-67
25 11 2.42497e-67
26 11 2.42497e-67
27 11 2.42497e-67
28 11 2.42497e-67
29 11 2.42497e-67
30 11 2.42497e-67
31 11 2.42497e-67
32 11 2.42497e-67
33 11 2.42497e-67
8 12 1.07909e+10
9 12 2.34231e+19
10 12 7.50771e+25
11 12 7.87587e+24
12 12 6.3249e+29
13 12 1.88445e+24
14 12 1.04976e+21
15 12 2.45847e+10
16 12 2.42497e-67
17 12 2.42497e-67
18 12 2.42497e-67
19 12 2.42497e-67
20 12 2.42497e-67
21 12 2.42497e-67
22 12 2.42497e-67
23 12 2.42497e-67
24 12 2.42497e-67
25 12 2.42497e-67
26 12 2.42497e-67
27 12 2.42497e-67
28 12 2.42497e-67
29 12 2.42497e-67
30 12 2.42497e-67
31 12 2.42497e-67
32 12 2.42497e-67
33 12 2.42497e-67
34 12 2.42497e-67
35 12 2.42497e-67
8 13 2.42497e-67
9 13 2.42497e-67
10 13 1.1865e+17
11 13 6.7382e+23
12 13 1.84015e+26
13 13 2.27334e+25
14 13 6.43043e+24
15 13 9.73634e+18
16 13 1.08792e+15
17 13 2.42497e-67
18 13 2.42497e-67
19 13 2.42497e-67
20 13 2.42497e-67
21 13 2.42497e-67
22 13 2.42497e-67
23 13 2.42497e-67
24 13 2.42497e-67
25 13 2.42497e-67
26 13 2.42497e-67
27 13 2.42497e-67
28 13 2.42497e-67
29 13 2.42497e-67
30 13 2.42497e-67
31 13 2.42497e-67
32 13 2.42497e-67
33 13 2.42497e-67
34 13 2.42497e-67
35 13 2.42497e-67
36 13 2.42497e-67
37 13 2.42497e-67
38 13 2.42497e-67
8 14 2.42497e-67
9 14 2.42497e-67
10 14 5.66339e+15
11 14 4.68842e+23
12 14 9.53504e+26
13 14 9.83425e+25
14 14 6.90575e+31
15 14 3.20395e+26
16 14 1.91196e+24
17 14 2.46203e+16
18 14 1.09191e+13
19 14 2.42497e-67
20 14 2.42497e-67
21 14 2.42497e-67
22 14 2.42497e-67
23 14 2.42497e-67
24 14 2.42497e-67
25 14 2.42497e-67
26 14 2.42497e-67
27 14 2.42497e-67
28 14 2.42497e-67
29 14 2.42497e-67
30 14 2.42497e-67
31 14 2.42497e-67
32 14 2.42497e-67
33 14 2.42497e-67
34 14 2.42497e-67
35 14 2.42497e-67
36 14 2.42497e-67
37 14 2.42497e-67
38 14 2.42497e-67
39 14 2.42497e-67
40 14 2.42497e-67
8 15 2.42497e-67
9 15 2.42497e-67
10 15 2.42497e-67
11 15 4.66623e+14
12 15 1.95205e+23
13 15 1.25963e+25
14 15 2.99756e+27
15 15 5.81076e+26
16 15 1.64109e+26
17 15 4.26579e+17
18 15 1.47011e+17
19 15 5.88883e+07
20 15 2.42497e-67
21 15 2.42497e-67
22 15 2.42497e-67
23 15 2.42497e-67
24 15 2.42497e-67
25 15 2.42497e-67
26 15 2.42497e-67
27 15 2.42497e-67
28 15 2.42497e-67
29 15 2.42497e-67
30 15 2.42497e-67
31 15 2.42497e-67
32 15 2.42497e-67
33 15 2.42497e-67
34 15 2.42497e-67
35 15 2.42497e-67
36 15 2.42497e-67
37 15 2.42497e-67
38 15 2.42497e-67
39 15 2.42497e-67
40 15 2.42497e-67
41 15 2.42497e-67
42 15 2.42497e-67
8 16 2.42497e-67
9 16 2.42497e-67
10 16 2.42497e-67
11 16 3.06173e+10
12 16 1.41207e+18
13 16 9.06e+24
14 16 3.10564e+27
15 16 1.47707e+27
16 16 6.1359e+31
17 16 6.15388e+25
18 16 4.3181e+25
19 16 6.27929e+16
20 16 7.14489e+16
21 16 808452
22 16 2.42497e-67
23 16 2.42497e-67
24 16 2.42497e-67
25 16 2.42497e-67
26 16 2.42497e-67
27 16 2.42497e-67
28 16 2.42497e-67
29 16 2.42497e-67
30 16 2.42497e-67
31 16 2.42497e-67
32 16 2.42497e-67
33 16 2.42497e-67
34 16 2.42497e-67
35 16 2.42497e-67
36 16 2.42497e-67
37 16 2.42497e-67
38 16 2.42497e-67
39 16 2.42497e-67
40 16 2.42497e-67
41 16 2.42497e-67
42 16 2.42497e-67
43 16 2.42497e-67
44 16 2.42497e-67
9 17 2.42497e-67
10 17 2.42497e-67
11 17 2.42497e-67
12 17 2.42497e-67
13 17 6.03667e+12
14 17 1.81276e+19
15 17 1.14641e+25
16 17 6.4692e+26
17 17 8.67843e+26
18 17 2.27378e+26
19 17 9.50886e+19
20 17 5.98843e+18
21 17 1.88531e+10
22 17 2.42497e-67
23 17 2.42497e-67
24 17 2.42497e-67
25 17 2.42497e-67
26 17 2.42497e-67
27 17 2.42497e-67
28 17 2.42497e-67
29 17 2.42497e-67
30 17 2.42497e-67
31 17 2.42497e-67
32 17 2.42497e-67
33 17 2.42497e-67
34 17 2.42497e-67
35 17 2.42497e-67
36 17 2.42497e-67
37 17 2.42497e-67
38 17 2.42497e-67
39 17 2.42497e-67
40 17 2.42497e-67
41 17 2.42497e-67
42 17 2.42497e-67
43 17 2.42497e-67
44 17 2.42497e-67
45 17 2.42497e-67
46 17 2.42497e-67
9 18 2.42497e-67
10 18 2.42497e-67
11 18 2.42497e-67
12 18 2.42497e-67
13 18 2.42497e-67
14 18 7.14639e+14
15 18 6.88464e+23
16 18 4.76648e+27
17 18 2.39063e+27
18 18 1.55812e+31
19 18 3.0087e+25
20 18 8.03492e+23
21 18 8.16189e+16
22 18 1.49343e+16
23 18 1.3695e+07
24 18 2.42497e-67
25 18 2.42497e-67
26 18 2.42497e-67
27 18 2.42497e-67
28 18 2.42497e-67
29 18 2.42497e-67
30 18 2.42497e-67
31 18 2.42497e-67
32 18 2.42497e-67
33 18 2.42497e-67
34 18 2.42497e-67
35 18 2.42497e-67
36 18 2.42497e-67
37 18 2.42497e-67
38 18 2.42497e-67
39 18 2.42497e-67
40 18 2.42497e-67
41 18 2.42497e-67
42 18 2.42497e-67
43 18 2.42497e-67
44 18 2.42497e-67
45 18 2.42497e-67
46 18 2.42497e-67
47 18 2.42497e-67
48 18 2.42497e-67
49 18 2.42497e-67
10 19 2.42497e-67
11 19 2.42497e-67
12 19 2.42497e-67
13 19 2.42497e-67
14 19 2.42497e-67
15 19 4.16748e+10
16 19 7.6272e+17
17 19 6.34394e+24
18 19 2.59087e+26
19 19 1.1667e+26
20 19 1.47055e+26
21 19 6.08797e+18
22 19 5.82687e+16
23 19 2.90539e+09
24 19 7.70366e+07
25 19 2.42497e-67
26 19 2.42497e-67
27 19 2.42497e-67
28 19 2.42497e-67
29 19 2.42497e-67
30 19 2.42497e-67
31 19 2.42497e-67
32 19 2.42497e-67
33 19 2.42497e-67
34 19 2.42497e-67
35 19 2.42497e-67
36 19 2.42497e-67
37 19 2.42497e-67
38 19 2.42497e-67
39 19 2.42497e-67
40 19 2.42497e-67
41 19 2.42497e-67
42 19 2.42497e-67
43 19 2.42497e-67
44 19 2.42497e-67
45 19 2.42497e-67
46 19 2.42497e-67
47 19 2.42497e-67
48 19 2.42497e-67
49 19 2.42497e-67
50 19 2.42497e-67
51 19 2.42497e-67
10 20 2.42497e-67
11 20 2.42497e-67
12 20 2.42497e-67
13 20 2.42497e-67
14 20 2.42497e-67
15 20 1.13919e+08
16 20 5.38242e+15
17 20 5.72964e+23
18 20 2.23445e+26
19 20 2.19744e+26
20 20 2.13878e+31
21 20 2.88149e+24
22 20 7.1725e+23
23 20 1.49983e+21
24 20 1.64493e+16
25 20 3.52002e+10
26 20 2.08624e+07
27 20 2.42497e-67
28 20 2.42497e-67
29 20 2.42497e-67
30 20 2.42497e-67
31 20 2.42497e-67
32 20 2.42497e-67
33 20 2.42497e-67
34 20 2.42497e-67
35 20 2.42497e-67
36 20 2.42497e-67
37 20 2.42497e-67
38 20 2.42497e-67
39 20 2.42497e-67
40 20 2.42497e-67
41 20 2.42497e-67
42 20 2.42497e-67
43 20 2.42497e-67
44 20 2.42497e-67
45 20 2.42497e-67
46 20 2.42497e-67
47 20 2.42497e-67
48 20 2.42497e-67
49 20 2.42497e-67
50 20 2.42497e-67
51 20 2.42497e-67
52 20 2.42497e-67
53 20 2.42497e-67
11 21 2.42497e-67
12 21 2.42497e-67
13 21 2.42497e-67
14 21 2.42497e-67
15 21 2.42497e-67
16 21 2.42497e-67
17 21 2.54072e+08
18 21 1.40757e+13
19 21 4.16745e+19
20 21 5.37566e+24
21 21 7.21456e+23
22 21 1.27703e+26
23 21 7.81077e+20
24 21 1.56903e+20
25 21 2.1074e+14
26 21 1.2668e+11
27 21 2.42497e-67
28 21 2.42497e-67
29 21 2.42497e-67
30 21 2.42497e-67
31 21 2.42497e-67
32 21 2.42497e-67
33 21 2.42497e-67
34 21 2.42497e-67
35 21 2.42497e-67
36 21 2.42497e-67
37 21 2.42497e-67
38 21 2.42497e-67
39 21 2.42497e-67
40 21 2.42497e-67
41 21 2.42497e-67
42 21 2.42497e-67
43 21 2.42497e-67
44 21 2.42497e-67
45 21 2.42497e-67
46 21 2.42497e-67
47 21 2.42497e-67
48 21 2.42497e-67
49 21 2.42497e-67
50 21 2.42497e-67
51 21 2.42497e-67
52 21 2.42497e-67
53 21 2.42497e-67
54 21 2.42497e-67
55 21 2.42497e-67
12 22 2.42497e-67
13 22 2.42497e-67
14 22 2.42497e-67
15 22 2.42497e-67
16 22 2.42497e-67
17 22 2.42497e-67
18 22 2.4918e+10
19 22 3.29148e+17
20 22 4.22666e+23
21 22 1.66166e+26
22 22 1.92249e+28
23 22 1.41744e+25
24 22 5.54094e+24
25 22 3.41372e+22
26 22 5.86877e+19
27 22 8.10315e+14
28 22 3.19782e+09
29 22 2.42497e-67
30 22 2.42497e-67
31 22 2.42497e-67
32 22 2.42497e-67
33 22 2.42497e-67
34 22 2.42497e-67
35 22 2.42497e-67
36 22 2.42497e-67
37 22 2.42497e-67
38 22 2.42497e-67
39 22 2.42497e-67
40 22 2.42497e-67
41 22 2.42497e-67
42 22 2.42497e-67
43 22 2.42497e-67
44 22 2.42497e-67
45 22 2.42497e-67
46 22 2.42497e-67
47 22 2.42497e-67
48 22 2.42497e-67
49 22 2.42497e-67
50 22 2.42497e-67
51 22 2.42497e-67
52 22 2.42497e-67
53 22 2.42497e-67
54 22 2.42497e-67
55 22 2.42497e-67
56 22 2.42497e-67
57 22 2.42497e-67
58 22 2.42497e-67
13 23 2.42497e-67
14 23 2.42497e-67
15 23 2.42497e-67
16 23 2.42497e-67
17 23 2.42497e-67
18 23 2.42497e-67
19 23 1.55127e+06
20 23 1.38305e+14
21 23 1.06181e+24
22 23 3.23641e+25
23 23 9.20347e+24
24 23 2.98147e+26
25 23 8.35089e+23
26 23 4.94909e+22
27 23 2.12314e+16
28 23 5.1507e+15
29 23 6.51617e+08
30 23 2.42497e-67
31 23 2.42497e-67
32 23 2.42497e-67
33 23 2.42497e-67
34 23 2.42497e-67
35 23 2.42497e-67
36 23 2.42497e-67
37 23 2.42497e-67
38 23 2.42497e-67
39 23 2.42497e-67
40 23 2.42497e-67
41 23 2.42497e-67
42 23 2.42497e-67
43 23 2.42497e-67
44 23 2.42497e-67
45 23 2.42497e-67
46 23 2.42497e-67
47 23 2.42497e-67
48 23 2.42497e-67
49 23 2.42497e-67
50 23 2.42497e-67
51 23 2.42497e-67
52 23 2.42497e-67
53 23 2.42497e-67
54 23 2.42497e-67
55 23 2.42497e-67
56 23 2.42497e-67
57 23 2.42497e-67
58 23 2.42497e-67
59 23 2.42497e-67
60 23 2.42497e-67
14 24 2.42497e-67
15 24 2.42497e-67
16 24 2.42497e-67
17 24 2.42497e-67
18 24 2.42497e-67
19 24 2.42497e-67
20 24 4.70597e+12
21 24 2.35948e+22
22 24 4.90413e+24
23 24 2.6831e+26
24 24 7.99354e+28
25 24 6.13414e+26
26 24 2.85922e+26
27 24 1.00755e+23
28 24 2.75783e+19
29 24 8.45245e+14
30 24 3.88481e+10
31 24 2.42497e-67
32 24 2.42497e-67
33 24 2.42497e-67
34 24 2.42497e-67
35 24 2.42497e-67
36 24 2.42497e-67
37 24 2.42497e-67
38 24 2.42497e-67
39 24 2.42497e-67
40 24 2.42497e-67
41 24 2.42497e-67
42 24 2.42497e-67
43 24 2.42497e-67
44 24 2.42497e-67
45 24 2.42497e-67
46 24 2.42497e-67
47 24 2.42497e-67
48 24 2.42497e-67
49 24 2.42497e-67
50 24 2.42497e-67
51 24 2.42497e-67
52 24 2.42497e-67
53 24 2.42497e-67
54 24 2.42497e-67
55 24 2.42497e-67
56 24 2.42497e-67
57 24 2.42497e-67
58 24 2.42497e-67
59 24 2.42497e-67
60 24 2.42497e-67
61 24 2.42497e-67
62 24 2.42497e-67
15 25 2.42497e-67
16 25 2.42497e-67
17 25 2.42497e-67
18 25 2.42497e-67
19 25 2.42497e-67
20 25 2.42497e-67
21 25 1.12402e+17
22 25 7.26438e+17
23 25 8.56545e+24
24 25 5.29807e+26
25 25 4.00183e+26
26 25 9.04832e+26
27 25 3.16628e+24
28 25 2.1992e+24
29 25 3.51524e+16
30 25 5.79967e+14
31 25 6.3524e+07
32 25 2.42497e-67
33 25 2.42497e-67
34 25 2.42497e-67
35 25 2.42497e-67
36 25 2.42497e-67
37 25 2.42497e-67
38 25 2.42497e-67
39 25 2.42497e-67
40 25 2.42497e-67
41 25 2.42497e-67
42 25 2.42497e-67
43 25 2.42497e-67
44 25 2.42497e-67
45 25 2.42497e-67
46 25 2.42497e-67
47 25 2.42497e-67
48 25 2.42497e-67
49 25 2.42497e-67
50 25 2.42497e-67
51 25 2.42497e-67
52 25 2.42497e-67
53 25 2.42497e-67
54 25 2.42497e-67
55 25 2.42497e-67
56 25 2.42497e-67
57 25 2.42497e-67
58 25 2.42497e-67
59 25 2.42497e-67
60 25 2.42497e-67
61 25 2.42497e-67
62 25 2.42497e-67
63 25 2.42497e-67
64 25 2.42497e-67
16 26 2.42497e-67
17 26 2.42497e-67
18 26 2.42497e-67
19 26 2.42497e-67
20 26 2.42497e-67
21 26 1.28487e+14
22 26 6.19207e+14
23 26 1.64648e+22
24 26 7.35985e+25
25 26 2.70431e+26
26 26 1.81457e+29
27 26 1.90403e+27
28 26 4.26075e+26
29 26 4.93533e+22
30 26 2.23602e+21
31 26 4.74444e+18
32 26 2.29243e+14
33 26 5.06446e+07
34 26 2.42497e-67
35 26 2.42497e-67
36 26 2.42497e-67
37 26 2.42497e-67
38 26 2.42497e-67
39 26 2.42497e-67
40 26 2.42497e-67
41 26 2.42497e-67
42 26 2.42497e-67
43 26 2.42497e-67
44 26 2.42497e-67
45 26 2.42497e-67
46 26 2.42497e-67
47 26 2.42497e-67
48 26 2.42497e-67
49 26 2.42497e-67
50 26 2.42497e-67
51 26 2.42497e-67
52 26 2.42497e-67
53 26 2.42497e-67
54 26 2.42497e-67
55 26 2.42497e-67
56 26 2.42497e-67
57 26 2.42497e-67
58 26 2.42497e-67
59 26 2.42497e-67
60 26 2.42497e-67
61 26 2.42497e-67
62 26 2.42497e-67
63 26 2.42497e-67
64 26 2.42497e-67
65 26 2.42497e-67
66 26 2.42497e-67
17 27 2.42497e-67
18 27 2.42497e-67
19 27 2.42497e-67
20 27 2.42497e-67
21 27 2.42497e-67
22 27 2.42497e-67
23 27 1.27247e+14
24 27 2.04492e+18
25 27 5.37e+23
26 27 2.56399e+25
27 27 1.5486e+26
28 27 4.33452e+27
29 27 7.96349e+25
30 27 1.38513e+25
31 27 4.32566e+19
32 27 1.33307e+20
33 27 2.36021e+13
34 27 3.03733e+08
35 27 2.42497e-67
36 27 2.42497e-67
37 27 2.42497e-67
38 27 2.42497e-67
39 27 2.42497e-67
40 27 2.42497e-67
41 27 2.42497e-67
42 27 2.42497e-67
43 27 2.42497e-67
44 27 2.42497e-67
45 27 2.42497e-67
46 27 2.42497e-67
47 27 2.42497e-67
48 27 2.42497e-67
49 27 2.42497e-67
50 27 2.42497e-67
51 27 2.42497e-67
52 27 2.42497e-67
53 27 2.42497e-67
54 27 2.42497e-67
55 27 2.42497e-67
56 27 2.42497e-67
57 27 2.42497e-67
58 27 2.42497e-67
59 27 2.42497e-67
60 27 2.42497e-67
61 27 2.42497e-67
62 27 2.42497e-67
63 27 2.42497e-67
64 27 2.42497e-67
65 27 2.42497e-67
66 27 2.42497e-67
67 27 2.42497e-67
68 27 2.42497e-67
69 27 2.42497e-67
18 28 2.42497e-67
19 28 2.42497e-67
20 28 2.42497e-67
21 28 2.42497e-67
22 28 2.42497e-67
23 28 7.35214e+10
24 28 2.30618e+15
25 28 1.16212e+21
26 28 4.00252e+23
27 28 1.4676e+26
28 28 3.70617e+31
29 28 9.81574e+29
30 28 1.1943e+29
31 28 2.57515e+27
32 28 3.69689e+24
33 28 1.12951e+21
34 28 2.56497e+20
35 28 4.96966e+13
36 28 1.13046e+10
37 28 2.42497e-67
38 28 2.42497e-67
39 28 2.42497e-67
40 28 2.42497e-67
41 28 2.42497e-67
42 28 2.42497e-67
43 28 2.42497e-67
44 28 2.42497e-67
45 28 2.42497e-67
46 28 2.42497e-67
47 28 2.42497e-67
48 28 2.42497e-67
49 28 2.42497e-67
50 28 2.42497e-67
51 28 2.42497e-67
52 28 2.42497e-67
53 28 2.42497e-67
54 28 2.42497e-67
55 28 2.42497e-67
56 28 2.42497e-67
57 28 2.42497e-67
58 28 2.42497e-67
59 28 2.42497e-67
60 28 2.42497e-67
61 28 2.42497e-67
62 28 2.42497e-67
63 28 2.42497e-67
64 28 2.42497e-67
65 28 2.42497e-67
66 28 2.42497e-67
67 28 2.42497e-67
68 28 2.42497e-67
69 28 2.42497e-67
70 28 2.42497e-67
71 28 2.42497e-67
19 29 2.42497e-67
20 29 2.42497e-67
21 29 2.42497e-67
22 29 2.42497e-67
23 29 2.42497e-67
24 29 2.42497e-67
25 29 9.54588e+07
26 29 2.69418e+14
27 29 7.24458e+19
28 29 2.13362e+25
29 29 2.81653e+29
30 29 6.39975e+29
31 29 4.77377e+27
32 29 6.8175e+25
33 29 8.94603e+23
34 29 6.74178e+22
35 29 8.49565e+15
36 29 3.12576e+14
37 29 1.82874e+08
38 29 2.42497e-67
39 29 2.42497e-67
40 29 2.42497e-67
41 29 2.42497e-67
42 29 2.42497e-67
43 29 2.42497e-67
44 29 2.42497e-67
45 29 2.42497e-67
46 29 2.42497e-67
47 29 2.42497e-67
48 29 2.42497e-67
49 29 2.42497e-67
50 29 2.42497e-67
51 29 2.42497e-67
52 29 2.42497e-67
53 29 2.42497e-67
54 29 2.42497e-67
55 29 2.42497e-67
56 29 2.42497e-67
57 29 2.42497e-67
58 29 2.42497e-67
59 29 2.42497e-67
60 29 2.42497e-67
61 29 2.42497e-67
62 29 2.42497e-67
63 29 2.42497e-67
64 29 2.42497e-67
65 29 2.42497e-67
66 29 2.42497e-67
67 29 2.42497e-67
68 29 2.42497e-67
69 29 2.42497e-67
70 29 2.42497e-67
71 29 2.42497e-67
72 29 2.42497e-67
73 29 2.42497e-67
21 30 2.42497e-67
22 30 2.42497e-67
23 30 2.42497e-67
24 30 2.42497e-67
25 30 2.42497e-67
26 30 4.90267e+10
27 30 1.37476e+15
28 30 2.26613e+22
29 30 3.55255e+28
30 30 3.35357e+30
31 30 1.57059e+28
32 30 5.79973e+28
33 30 7.82265e+26
34 30 1.64732e+24
35 30 2.63485e+21
36 30 9.13205e+19
37 30 6.80894e+14
38 30 3.11327e+11
39 30 2.42497e-67
40 30 2.42497e-67
41 30 2.42497e-67
42 30 2.42497e-67
43 30 2.42497e-67
44 30 2.42497e-67
45 30 2.42497e-67
46 30 2.42497e-67
47 30 2.42497e-67
48 30 2.42497e-67
49 30 2.42497e-67
50 30 2.42497e-67
51 30 2.42497e-67
52 30 2.42497e-67
53 30 2.42497e-67
54 30 2.42497e-67
55 30 2.42497e-67
56 30 2.42497e-67
57 30 2.42497e-67
58 30 2.42497e-67
59 30 2.42497e-67
60 30 2.42497e-67
61 30 2.42497e-67
62 30 2.42497e-67
63 30 2.42497e-67
64 30 2.42497e-67
65 30 2.42497e-67
66 30 2.42497e-67
67 30 2.42497e-67
68 30 2.42497e-67
69 30 2.42497e-67
70 30 2.42497e-67
71 30 2.42497e-67
72 30 2.42497e-67
73 30 2.42497e-67
74 30 2.42497e-67
75 30 2.42497e-67
22 31 2.42497e-67
23 31 2.42497e-67
24 31 2.42497e-67
25 31 2.42497e-67
26 31 2.42497e-67
27 31 2.42497e-67
28 31 2.99575e+07
29 31 2.09927e+18
30 31 4.90938e+21
31 31 3.57055e+26
32 31 5.11605e+28
33 31 4.11325e+26
34 31 1.48369e+25
35 31 7.79006e+22
36 31 1.07911e+21
37 31 3.2922e+15
38 31 3.46507e+14
39 31 8.08406e+08
40 31 1.8384e+08
41 31 2.42497e-67
42 31 2.42497e-67
43 31 2.42497e-67
44 31 2.42497e-67
45 31 2.42497e-67
46 31 2.42497e-67
47 31 2.42497e-67
48 31 2.42497e-67
49 31 2.42497e-67
50 31 2.42497e-67
51 31 2.42497e-67
52 31 2.42497e-67
53 31 2.42497e-67
54 31 2.42497e-67
55 31 2.42497e-67
56 31 2.42497e-67
57 31 2.42497e-67
58 31 2.42497e-67
59 31 2.42497e-67
60 31 2.42497e-67
61 31 2.42497e-67
62 31 2.42497e-67
63 31 2.42497e-67
64 31 2.42497e-67
65 31 2.42497e-67
66 31 2.42497e-67
67 31 2.42497e-67
68 31 2.42497e-67
69 31 2.42497e-67
70 31 2.42497e-67
71 31 2.42497e-67
72 31 2.42497e-67
73 31 2.42497e-67
74 31 2.42497e-67
75 31 2.42497e-67
76 31 2.42497e-67
77 31 2.42497e-67
23 32 2.42497e-67
24 32 2.42497e-67
25 32 2.42497e-67
26 32 2.42497e-67
27 32 2.42497e-67
28 32 2.42497e-67
29 32 7.81117e+14
30 32 9.46703e+19
31 32 3.3591e+25
32 32 6.52763e+28
33 32 5.29666e+26
34 32 1.57007e+27
35 32 1.1706e+24
36 32 1.36297e+22
37 32 1.55978e+20
38 32 2.72492e+18
39 32 1.76183e+15
40 32 6.78683e+11
41 32 2.42497e-67
42 32 2.42497e-67
43 32 2.42497e-67
44 32 2.42497e-67
45 32 2.42497e-67
46 32 2.42497e-67
47 32 2.42497e-67
48 32 2.42497e-67
49 32 2.42497e-67
50 32 2.42497e-67
51 32 2.42497e-67
52 32 2.42497e-67
53 32 2.42497e-67
54 32 2.42497e-67
55 32 2.42497e-67
56 32 2.42497e-67
57 32 2.42497e-67
58 32 2.42497e-67
59 32 2.42497e-67
60 32 2.42497e-67
61 32 2.42497e-67
62 32 2.42497e-67
63 32 2.42497e-67
64 32 2.42497e-67
65 32 2.42497e-67
66 32 2.42497e-67
67 32 2.42497e-67
68 32 2.42497e-67
69 32 2.42497e-67
70 32 2.42497e-67
71 32 2.42497e-67
72 32 2.42497e-67
73 32 2.42497e-67
74 32 2.42497e-67
75 32 2.42497e-67
76 32 2.42497e-67
77 32 2.42497e-67
78 32 2.42497e-67
79 32 2.42497e-67
80 32 2.42497e-67
24 33 2.42497e-67
25 33 2.42497e-67
26 33 2.42497e-67
27 33 2.42497e-67
28 33 2.42497e-67
29 33 2.42497e-67
30 33 2.42497e-67
31 33 1.66453e+14
32 33 1.19486e+17
33 33 2.75362e+25
34 33 9.49093e+25
35 33 1.10799e+24
36 33 3.49731e+23
37 33 1.17425e+21
38 33 2.30344e+20
39 33 1.61276e+15
40 33 3.01619e+14
41 33 6.76621e+08
42 33 1.41696e+08
43 33 2.42497e-67
44 33 2.42497e-67
45 33 2.42497e-67
46 33 2.42497e-67
47 33 2.42497e-67
48 33 2.42497e-67
49 33 2.42497e-67
50 33 2.42497e-67
51 33 2.42497e-67
52 33 2.42497e-67
53 33 2.42497e-67
54 33 2.42497e-67
55 33 2.42497e-67
56 33 2.42497e-67
57 33 2.42497e-67
58 33 2.42497e-67
59 33 2.42497e-67
60 33 2.42497e-67
61 33 2.42497e-67
62 33 2.42497e-67
63 33 2.42497e-67
64 33 2.42497e-67
65 33 2.42497e-67
66 33 2.42497e-67
67 33 2.42497e-67
68 33 2.42497e-67
69 33 2.42497e-67
70 33 2.42497e-67
71 33 2.42497e-67
72 33 2.42497e-67
73 33 2.42497e-67
74 33 2.42497e-67
75 33 2.42497e-67
76 33 2.42497e-67
77 33 2.42497e-67
78 33 2.42497e-67
79 33 2.42497e-67
80 33 2.42497e-67
81 33 2.42497e-67
82 33 2.42497e-67
25 34 2.42497e-67
26 34 2.42497e-67
27 34 2.42497e-67
28 34 2.42497e-67
29 34 2.42497e-67
30 34 2.42497e-67
31 34 7.39765e+09
32 34 3.87165e+14
33 34 4.11349e+21
34 34 5.92508e+25
35 34 1.20336e+25
36 34 1.15615e+25
37 34 7.06341e+22
38 34 1.03274e+21
39 34 9.76032e+18
40 34 4.42355e+17
41 34 2.35841e+14
42 34 3.08485e+12
43 34 6.41979e+08
44 34 2.42497e-67
45 34 2.42497e-67
46 34 2.42497e-67
47 34 2.42497e-67
48 34 2.42497e-67
49 34 2.42497e-67
50 34 2.42497e-67
51 34 2.42497e-67
52 34 2.42497e-67
53 34 2.42497e-67
54 34 2.42497e-67
55 34 2.42497e-67
56 34 2.42497e-67
57 34 2.42497e-67
58 34 2.42497e-67
59 34 2.42497e-67
60 34 2.42497e-67
61 34 2.42497e-67
62 34 2.42497e-67
63 34 2.42497e-67
64 34 2.42497e-67
65 34 2.42497e-67
66 34 2.42497e-67
67 34 2.42497e-67
68 34 2.42497e-67
69 34 2.42497e-67
70 34 2.42497e-67
71 34 2.42497e-67
72 34 2.42497e-67
73 34 2.42497e-67
74 34 2.42497e-67
75 34 2.42497e-67
76 34 2.42497e-67
77 34 2.42497e-67
78 34 2.42497e-67
79 34 2.42497e-67
80 34 2.42497e-67
81 34 2.42497e-67
82 34 2.42497e-67
83 34 2.42497e-67
84 34 2.42497e-67
26 35 2.42497e-67
27 35 2.42497e-67
28 35 2.42497e-67
29 35 2.42497e-67
30 35 2.42497e-67
31 35 2.42497e-67
32 35 2.42497e-67
33 35 1.29097e+08
34 35 3.48559e+12
35 35 1.72475e+22
36 35 8.04232e+22
37 35 3.00617e+22
38 35 2.49064e+21
39 35 1.69918e+20
40 35 1.42063e+18
41 35 3.79948e+15
42 35 2.27823e+14
43 35 9.1619e+09
44 35 4.15521e+08
45 35 2.42497e-67
46 35 2.42497e-67
47 35 2.42497e-67
48 35 2.42497e-67
49 35 2.42497e-67
50 35 2.42497e-67
51 35 2.42497e-67
52 35 2.42497e-67
53 35 2.42497e-67
54 35 2.42497e-67
55 35 2.42497e-67
56 35 2.42497e-67
57 35 2.42497e-67
58 35 2.42497e-67
59 35 2.42497e-67
60 35 2.42497e-67
61 35 2.42497e-67
62 35 2.42497e-67
63 35 2.42497e-67
64 35 2.42497e-67
65 35 2.42497e-67
66 35 2.42497e-67
67 35 2.42497e-67
68 35 2.42497e-67
69 35 2.42497e-67
70 35 2.42497e-67
71 35 2.42497e-67
72 35 2.42497e-67
73 35 2.42497e-67
74 35 2.42497e-67
75 35 2.42497e-67
76 35 2.42497e-67
77 35 2.42497e-67
78 35 2.42497e-67
79 35 2.42497e-67
80 35 2.42497e-67
81 35 2.42497e-67
82 35 2.42497e-67
83 35 2.42497e-67
84 35 2.42497e-67
85 35 2.42497e-67
86 35 2.42497e-67
27 36 2.42497e-67
28 36 2.42497e-67
29 36 2.42497e-67
30 36 2.42497e-67
31 36 2.42497e-67
32 36 2.42497e-67
33 36 2.42497e-67
34 36 7.1328e+09
35 36 6.08014e+18
36 36 3.86736e+22
37 36 1.37753e+23
38 36 1.88047e+23
39 36 6.39704e+20
40 36 4.35553e+20
41 36 1.628e+18
42 36 1.81985e+16
43 36 1.71797e+14
44 36 1.40446e+13
45 36 1.42763e+09
46 36 2.42497e-67
47 36 2.42497e-67
48 36 2.42497e-67
49 36 2.42497e-67
50 36 2.42497e-67
51 36 2.42497e-67
52 36 2.42497e-67
53 36 2.42497e-67
54 36 2.42497e-67
55 36 2.42497e-67
56 36 2.42497e-67
57 36 2.42497e-67
58 36 2.42497e-67
59 36 2.42497e-67
60 36 2.42497e-67
61 36 2.42497e-67
62 36 2.42497e-67
63 36 2.42497e-67
64 36 2.42497e-67
65 36 2.42497e-67
66 36 2.42497e-67
67 36 2.42497e-67
68 36 2.42497e-67
69 36 2.42497e-67
70 36 2.42497e-67
71 36 2.42497e-67
72 36 2.42497e-67
73 36 2.42497e-67
74 36 2.42497e-67
75 36 2.42497e-67
76 36 2.42497e-67
77 36 2.42497e-67
78 36 2.42497e-67
79 36 2.42497e-67
80 36 2.42497e-67
81 36 2.42497e-67
82 36 2.42497e-67
83 36 2.42497e-67
84 36 2.42497e-67
85 36 2.42497e-67
86 36 2.42497e-67
87 36 2.42497e-67
88 36 2.42497e-67
29 37 2.42497e-67
30 37 2.42497e-67
31 37 2.42497e-67
32 37 2.42497e-67
33 37 2.42497e-67
34 37 2.42497e-67
35 37 2.42497e-67
36 37 8.97876e+08
37 37 1.59206e+21
38 37 3.92623e+21
39 37 6.62803e+20
40 37 6.57012e+20
41 37 3.00082e+19
42 37 6.73897e+17
43 37 1.35463e+15
44 37 7.56109e+13
45 37 1.40841e+10
46 37 2.29556e+08
47 37 2.42497e-67
48 37 2.42497e-67
49 37 2.42497e-67
50 37 2.42497e-67
51 37 2.42497e-67
52 37 2.42497e-67
53 37 2.42497e-67
54 37 2.42497e-67
55 37 2.42497e-67
56 37 2.42497e-67
57 37 2.42497e-67
58 37 2.42497e-67
59 37 2.42497e-67
60 37 2.42497e-67
61 37 2.42497e-67
62 37 2.42497e-67
63 37 2.42497e-67
64 37 2.42497e-67
65 37 2.42497e-67
66 37 2.42497e-67
67 37 2.42497e-67
68 37 2.42497e-67
69 37 2.42497e-67
70 37 2.42497e-67
71 37 2.42497e-67
72 37 2.42497e-67
73 37 2.42497e-67
74 37 2.42497e-67
75 37 2.42497e-67
76 37 2.42497e-67
77 37 2.42497e-67
78 37 2.42497e-67
79 37 2.42497e-67
80 37 2.42497e-67
81 37 2.42497e-67
82 37 2.42497e-67
83 37 2.42497e-67
84 37 2.42497e-67
85 37 2.42497e-67
86 37 2.42497e-67
87 37 2.42497e-67
88 37 2.42497e-67
89 37 2.42497e-67
90 37 2.42497e-67
91 37 2.42497e-67
30 38 2.42497e-67
31 38 2.42497e-67
32 38 2.42497e-67
33 38 2.42497e-67
34 38 2.42497e-67
35 38 2.42497e-67
36 38 2.42497e-67
37 38 5.65196e+16
38 38 1.1703e+21
39 38 5.46202e+21
40 38 6.3462e+21
41 38 1.36611e+20
42 38 5.97603e+19
43 38 2.43115e+17
44 38 1.42097e+17
45 38 1.08108e+14
46 38 8.36188e+11
47 38 4.31132e+08
48 38 2.42497e-67
49 38 2.42497e-67
50 38 2.42497e-67
51 38 2.42497e-67
52 38 2.42497e-67
53 38 2.42497e-67
54 38 2.42497e-67
55 38 2.42497e-67
56 38 2.42497e-67
57 38 2.42497e-67
58 38 2.42497e-67
59 38 2.42497e-67
60 38 2.42497e-67
61 38 2.42497e-67
62 38 2.42497e-67
63 38 2.42497e-67
64 38 2.42497e-67
65 38 2.42497e-67
66 38 2.42497e-67
67 38 2.42497e-67
68 38 2.42497e-67
69 38 2.42497e-67
70 38 2.42497e-67
71 38 2.42497e-67
72 38 2.42497e-67
73 38 2.42497e-67
74 38 2.42497e-67
75 38 2.42497e-67
76 38 2.42497e-67
77 38 2.42497e-67
78 38 2.42497e-67
79 38 2.42497e-67
80 38 2.42497e-67
81 38 2.42497e-67
82 38 2.42497e-67
83 38 2.42497e-67
84 38 2.42497e-67
85 38 2.42497e-67
86 38 2.42497e-67
87 38 2.42497e-67
88 38 2.42497e-67
89 38 2.42497e-67
90 38 2.42497e-67
91 38 2.42497e-67
92 38 2.42497e-67
93 38 2.42497e-67
31 39 2.42497e-67
32 39 2.42497e-67
33 39 2.42497e-67
34 39 2.42497e-67
35 39 2.42497e-67
36 39 2.42497e-67
37 39 2.42497e-67
38 39 5.40804e+10
39 39 1.66804e+18
40 39 3.0398e+20
41 39 6.24293e+19
42 39 3.27251e+19
43 39 3.93533e+18
44 39 1.46388e+17
45 39 2.85719e+15
46 39 3.86723e+13
47 39 7.35094e+10
48 39 5.15727e+09
49 39 2.42497e-67
50 39 2.42497e-67
51 39 2.42497e-67
52 39 2.42497e-67
53 39 2.42497e-67
54 39 2.42497e-67
55 39 2.42497e-67
56 39 2.42497e-67
57 39 2.42497e-67
58 39 2.42497e-67
59 39 2.42497e-67
60 39 2.42497e-67
61 39 2.42497e-67
62 39 2.42497e-67
63 39 2.42497e-67
64 39 2.42497e-67
65 39 2.42497e-67
66 39 2.42497e-67
67 39 2.42497e-67
68 39 2.42497e-67
69 39 2.42497e-67
70 39 2.42497e-67
71 39 2.42497e-67
72 39 2.42497e-67
73 39 2.42497e-67
74 39 2.42497e-67
75 39 2.42497e-67
76 39 2.42497e-67
77 39 2.42497e-67
78 39 2.42497e-67
79 39 2.42497e-67
80 39 2.42497e-67
81 39 2.42497e-67
82 39 2.42497e-67
83 39 2.42497e-67
84 39 2.42497e-67
85 39 2.42497e-67
86 39 2.42497e-67
87 39 2.42497e-67
88 39 2.42497e-67
89 39 2.42497e-67
90 39 2.42497e-67
91 39 2.42497e-67
92 39 2.42497e-67
93 39 2.42497e-67
94 39 2.42497e-67
95 39 2.42497e-67
32 40 2.42497e-67
33 40 2.42497e-67
34 40 2.42497e-67
35 40 2.42497e-67
36 40 2.42497e-67
37 40 2.42497e-67
38 40 2.42497e-67
39 40 9.67894e+13
40 40 8.34496e+19
41 40 1.28806e+20
42 40 2.27297e+20
43 40 1.06543e+19
44 40 6.68803e+18
45 40 5.80999e+16
46 40 8.26125e+15
47 40 5.56621e+13
48 40 7.97032e+11
49 40 2.03138e+10
50 40 1.0168e+08
51 40 2.42497e-67
52 40 2.42497e-67
53 40 2.42497e-67
54 40 2.42497e-67
55 40 2.42497e-67
56 40 2.42497e-67
57 40 2.42497e-67
58 40 2.42497e-67
59 40 2.42497e-67
60 40 2.42497e-67
61 40 2.42497e-67
62 40 2.42497e-67
63 40 2.42497e-67
64 40 2.42497e-67
65 40 2.42497e-67
66 40 2.42497e-67
67 40 2.42497e-67
68 40 2.42497e-67
69 40 2.42497e-67
70 40 2.42497e-67
71 40 2.42497e-67
72 40 2.42497e-67
73 40 2.42497e-67
74 40 2.42497e-67
75 40 2.42497e-67
76 40 2.42497e-67
77 40 2.42497e-67
78 40 2.42497e-67
79 40 2.42497e-67
80 40 2.42497e-67
81 40 2.42497e-67
82 40 2.42497e-67
83 40 2.42497e-67
84 40 2.42497e-67
85 40 2.42497e-67
86 40 2.42497e-67
87 40 2.42497e-67
88 40 2.42497e-67
89 40 2.42497e-67
90 40 2.42497e-67
91 40 2.42497e-67
92 40 2.42497e-67
93 40 2.42497e-67
94 40 2.42497e-67
95 40 2.42497e-67
96 40 2.42497e-67
97 40 2.42497e-67
33 41 2.42497e-67
34 41 2.42497e-67
35 41 2.42497e-67
36 41 2.42497e-67
37 41 2.42497e-67
38 41 2.42497e-67
39 41 2.42497e-67
40 41 2.42497e-67
41 41 1.76937e+14
42 41 1.47841e+18
43 41 9.24856e+17
44 41 2.19571e+18
45 41 7.19875e+16
46 41 2.32519e+16
47 41 9.2514e+14
48 41 2.27273e+14
49 41 4.14533e+12
50 41 1.36315e+11
51 41 2.42497e-67
52 41 2.42497e-67
53 41 2.42497e-67
54 41 2.42497e-67
55 41 2.42497e-67
56 41 2.42497e-67
57 41 2.42497e-67
58 41 2.42497e-67
59 41 2.42497e-67
60 41 2.42497e-67
61 41 2.42497e-67
62 41 2.42497e-67
63 41 2.42497e-67
64 41 2.42497e-67
65 41 2.42497e-67
66 41 2.42497e-67
67 41 2.42497e-67
68 41 2.42497e-67
69 41 2.42497e-67
70 41 2.42497e-67
71 41 2.42497e-67
72 41 2.42497e-67
73 41 2.42497e-67
74 41 2.42497e-67
75 41 2.42497e-67
76 41 2.42497e-67
77 41 2.42497e-67
78 41 2.42497e-67
79 41 2.42497e-67
80 41 2.42497e-67
81 41 2.42497e-67
82 41 2.42497e-67
83 41 2.42497e-67
84 41 2.42497e-67
85 41 2.42497e-67
86 41 2.42497e-67
87 41 2.42497e-67
88 41 2.42497e-67
89 41 2.42497e-67
90 41 2.42497e-67
91 41 2.42497e-67
92 41 2.42497e-67
93 41 2.42497e-67
94 41 2.42497e-67
95 41 2.42497e-67
96 41 2.42497e-67
97 41 2.42497e-67
98 41 2.42497e-67
99 41 2.42497e-67
35 42 2.42497e-67
36 42 2.42497e-67
37 42 2.42497e-67
38 42 2.42497e-67
39 42 2.42497e-67
40 42 2.42497e-67
41 42 3.21969e+09
42 42 1.17877e+17
43 42 5.65536e+17
44 42 2.08117e+18
45 42 5.65257e+17
46 42 6.65196e+17
47 42 4.88285e+16
48 42 1.05493e+17
49 42 2.10263e+14
50 42 3.56367e+13
51 42 4.15222e+10
52 42 4.47108e+08
53 42 2.42497e-67
54 42 2.42497e-67
55 42 2.42497e-67
56 42 2.42497e-67
57 42 2.42497e-67
58 42 2.42497e-67
59 42 2.42497e-67
60 42 2.42497e-67
61 42 2.42497e-67
62 42 2.42497e-67
63 42 2.42497e-67
64 42 2.42497e-67
65 42 2.42497e-67
66 42 2.42497e-67
67 42 2.42497e-67
68 42 2.42497e-67
69 42 2.42497e-67
70 42 2.42497e-67
71 42 2.42497e-67
72 42 2.42497e-67
73 42 2.42497e-67
74 42 2.42497e-67
75 42 2.42497e-67
76 42 2.42497e-67
77 42 2.42497e-67
78 42 2.42497e-67
79 42 2.42497e-67
80 42 2.42497e-67
81 42 2.42497e-67
82 42 2.42497e-67
83 42 2.42497e-67
84 42 2.42497e-67
85 42 2.42497e-67
86 42 2.42497e-67
87 42 2.42497e-67
88 42 2.42497e-67
89 42 2.42497e-67
90 42 2.42497e-67
91 42 2.42497e-67
92 42 2.42497e-67
93 42 2.42497e-67
94 42 2.42497e-67
95 42 2.42497e-67
96 42 2.42497e-67
97 42 2.42497e-67
98 42 2.42497e-67
99 42 2.42497e-67
100 42 2.42497e-67
101 42 2.42497e-67
102 42 2.42497e-67
36 43 2.42497e-67
37 43 2.42497e-67
38 43 2.42497e-67
39 43 2.42497e-67
40 43 2.42497e-67
41 43 2.42497e-67
42 43 2.42497e-67
43 43 8.49031e+10
44 43 3.43127e+15
45 43 9.12145e+14
46 43 2.60116e+16
47 43 8.90257e+15
48 43 2.74911e+16
49 43 8.09575e+14
50 43 6.53115e+14
51 43 8.73687e+13
52 43 1.1139e+11
53 43 2.42497e-67
54 43 2.42497e-67
55 43 2.42497e-67
56 43 2.42497e-67
57 43 2.42497e-67
58 43 2.42497e-67
59 43 2.42497e-67
60 43 2.42497e-67
61 43 2.42497e-67
62 43 2.42497e-67
63 43 2.42497e-67
64 43 2.42497e-67
65 43 2.42497e-67
66 43 2.42497e-67
67 43 2.42497e-67
68 43 2.42497e-67
69 43 2.42497e-67
70 43 2.42497e-67
71 43 2.42497e-67
72 43 2.42497e-67
73 43 2.42497e-67
74 43 2.42497e-67
75 43 2.42497e-67
76 43 2.42497e-67
77 43 2.42497e-67
78 43 2.42497e-67
79 43 2.42497e-67
80 43 2.42497e-67
81 43 2.42497e-67
82 43 2.42497e-67
83 43 2.42497e-67
84 43 2.42497e-67
85 43 2.42497e-67
86 43 2.42497e-67
87 43 2.42497e-67
88 43 2.42497e-67
89 43 2.42497e-67
90 43 2.42497e-67
91 43 2.42497e-67
92 43 2.42497e-67
93 43 2.42497e-67
94 43 2.42497e-67
95 43 2.42497e-67
96 43 2.42497e-67
97 43 2.42497e-67
98 43 2.42497e-67
99 43 2.42497e-67
100 43 2.42497e-67
101 43 2.42497e-67
102 43 2.42497e-67
103 43 2.42497e-67
104 43 2.42497e-67
37 44 2.42497e-67
38 44 2.42497e-67
39 44 2.42497e-67
40 44 2.42497e-67
41 44 2.42497e-67
42 44 2.42497e-67
43 44 2.42497e-67
44 44 1.37176e+14
45 44 2.68997e+14
46 44 1.25509e+16
47 44 2.37112e+16
48 44 1.90824e+17
49 44 4.88344e+16
50 44 6.27606e+17
51 44 1.16715e+15
52 44 2.36487e+12
53 44 2.9819e+09
54 44 2.42497e-67
55 44 2.42497e-67
56 44 2.42497e-67
57 44 2.42497e-67
58 44 2.42497e-67
59 44 2.42497e-67
60 44 2.42497e-67
61 44 2.42497e-67
62 44 2.42497e-67
63 44 2.42497e-67
64 44 2.42497e-67
65 44 2.42497e-67
66 44 2.42497e-67
67 44 2.42497e-67
68 44 2.42497e-67
69 44 2.42497e-67
70 44 2.42497e-67
71 44 2.42497e-67
72 44 2.42497e-67
73 44 2.42497e-67
74 44 2.42497e-67
75 44 2.42497e-67
76 44 2.42497e-67
77 44 2.42497e-67
78 44 2.42497e-67
79 44 2.42497e-67
80 44 2.42497e-67
81 44 2.42497e-67
82 44 2.42497e-67
83 44 2.42497e-67
84 44 2.42497e-67
85 44 2.42497e-67
86 44 2.42497e-67
87 44 2.42497e-67
88 44 2.42497e-67
89 44 2.42497e-67
90 44 2.42497e-67
91 44 2.42497e-67
92 44 2.42497e-67
93 44 2.42497e-67
94 44 2.42497e-67
95 44 2.42497e-67
96 44 2.42497e-67
97 44 2.42497e-67
98 44 2.42497e-67
99 44 2.42497e-67
100 44 2.42497e-67
101 44 2.42497e-67
102 44 2.42497e-67
103 44 2.42497e-67
104 44 2.42497e-67
105 44 2.42497e-67
106 44 2.42497e-67
38 45 2.42497e-67
39 45 2.42497e-67
40 45 2.42497e-67
41 45 2.42497e-67
42 45 2.42497e-67
43 45 2.42497e-67
44 45 2.42497e-67
45 45 2.42497e-67
46 45 1.04788e+11
47 45 3.53403e+12
48 45 7.47272e+14
49 45 3.1501e+15
50 45 8.75075e+16
51 45 1.00846e+15
52 45 1.11189e+13
53 45 3.49178e+10
54 45 1.70001e+07
55 45 2.42497e-67
56 45 2.42497e-67
57 45 2.42497e-67
58 45 2.42497e-67
59 45 2.42497e-67
60 45 2.42497e-67
61 45 2.42497e-67
62 45 2.42497e-67
63 45 2.42497e-67
64 45 2.42497e-67
65 45 2.42497e-67
66 45 2.42497e-67
67 45 2.42497e-67
68 45 2.42497e-67
69 45 2.42497e-67
70 45 2.42497e-67
71 45 2.42497e-67
72 45 2.42497e-67
73 45 2.42497e-67
74 45 2.42497e-67
75 45 2.42497e-67
76 45 2.42497e-67
77 45 2.42497e-67
78 45 2.42497e-67
79 45 2.42497e-67
80 45 2.42497e-67
81 45 2.42497e-67
82 45 2.42497e-67
83 45 2.42497e-67
84 45 2.42497e-67
85 45 2.42497e-67
86 45 2.42497e-67
87 45 2.42497e-67
88 45 2.42497e-67
89 45 2.42497e-67
90 45 2.42497e-67
91 45 2.42497e-67
92 45 2.42497e-67
93 45 2.42497e-67
94 45 2.42497e-67
95 45 2.42497e-67
96 45 2.42497e-67
97 45 2.42497e-67
98 45 2.42497e-67
99 45 2.42497e-67
100 45 2.42497e-67
101 45 2.42497e-67
102 45 2.42497e-67
103 45 2.42497e-67
104 45 2.42497e-67
105 45 2.42497e-67
106 45 2.42497e-67
107 45 2.42497e-67
108 45 2.42497e-67
40 46 2.42497e-67
41 46 2.42497e-67
42 46 2.42497e-67
43 46 2.42497e-67
44 46 2.42497e-67
45 46 2.42497e-67
46 46 1.55403e+09
47 46 7.13814e+11
48 46 1.27383e+14
49 46 1.79794e+15
50 46 1.26465e+17
51 46 2.45988e+15
52 46 7.33981e+13
53 46 2.66159e+11
54 46 4.10389e+08
55 46 2.42497e-67
56 46 2.42497e-67
57 46 2.42497e-67
58 46 2.42497e-67
59 46 2.42497e-67
60 46 2.42497e-67
61 46 2.42497e-67
62 46 2.42497e-67
63 46 2.42497e-67
64 46 2.42497e-67
65 46 2.42497e-67
66 46 2.42497e-67
67 46 2.42497e-67
68 46 2.42497e-67
69 46 2.42497e-67
70 46 2.42497e-67
71 46 2.42497e-67
72 46 2.42497e-67
73 46 2.42497e-67
74 46 2.42497e-67
75 46 2.42497e-67
76 46 2.42497e-67
77 46 2.42497e-67
78 46 2.42497e-67
79 46 2.42497e-67
80 46 2.42497e-67
81 46 2.42497e-67
82 46 2.42497e-67
83 46 2.42497e-67
84 46 2.42497e-67
85 46 2.42497e-67
86 46 2.42497e-67
87 46 2.42497e-67
88 46 2.42497e-67
89 46 2.42497e-67
90 46 2.42497e-67
91 46 2.42497e-67
92 46 2.42497e-67
93 46 2.42497e-67
94 46 2.42497e-67
95 46 2.42497e-67
96 46 2.42497e-67
97 46 2.42497e-67
98 46 2.42497e-67
99 46 2.42497e-67
100 46 2.42497e-67
101 46 2.42497e-67
102 46 2.42497e-67
103 46 2.42497e-67
104 46 2.42497e-67
105 46 2.42497e-67
106 46 2.42497e-67
107 46 2.42497e-67
108 46 2.42497e-67
109 46 2.42497e-67
110 46 2.42497e-67
41 47 2.42497e-67
42 47 2.42497e-67
43 47 2.42497e-67
44 47 2.42497e-67
45 47 2.42497e-67
46 47 2.42497e-67
47 47 2.42497e-67
48 47 4.01682e+08
49 47 5.60392e+10
50 47 1.52965e+14
51 47 4.19613e+13
52 47 3.05989e+12
53 47 4.76139e+10
54 47 1.83194e+08
55 47 2.42497e-67
56 47 2.42497e-67
57 47 2.42497e-67
58 47 2.42497e-67
59 47 2.42497e-67
60 47 2.42497e-67
61 47 2.42497e-67
62 47 2.42497e-67
63 47 2.42497e-67
64 47 2.42497e-67
65 47 2.42497e-67
66 47 2.42497e-67
67 47 2.42497e-67
68 47 2.42497e-67
69 47 2.42497e-67
70 47 2.42497e-67
71 47 2.42497e-67
72 47 2.42497e-67
73 47 2.42497e-67
74 47 2.42497e-67
75 47 2.42497e-67
76 47 2.42497e-67
77 47 2.42497e-67
78 47 2.42497e-67
79 47 2.42497e-67
80 47 2.42497e-67
81 47 2.42497e-67
82 47 2.42497e-67
83 47 2.42497e-67
84 47 2.42497e-67
85 47 2.42497e-67
86 47 2.42497e-67
87 47 2.42497e-67
88 47 2.42497e-67
89 47 2.42497e-67
90 47 2.42497e-67
91 47 2.42497e-67
92 47 2.42497e-67
93 47 2.42497e-67
94 47 2.42497e-67
95 47 2.42497e-67
96 47 2.42497e-67
97 47 2.42497e-67
98 47 2.42497e-67
99 47 2.42497e-67
100 47 2.42497e-67
101 47 2.42497e-67
102 47 2.42497e-67
103 47 2.42497e-67
104 47 2.42497e-67
105 47 2.42497e-67
106 47 2.42497e-67
107 47 2.42497e-67
108 47 2.42497e-67
109 47 2.42497e-67
110 47 2.42497e-67
111 47 2.42497e-67
112 47 2.42497e-67
113 47 2.42497e-67
42 48 2.42497e-67
43 48 2.42497e-67
44 48 2.42497e-67
45 48 2.42497e-67
46 48 2.42497e-67
47 48 2.42497e-67
48 48 2.42497e-67
49 48 2.99401e+09
50 48 1.06139e+13
51 48 4.64247e+12
52 48 1.48092e+12
53 48 2.96703e+10
54 48 1.70132e+08
55 48 2.42497e-67
56 48 2.42497e-67
57 48 2.42497e-67
58 48 2.42497e-67
59 48 2.42497e-67
60 48 2.42497e-67
61 48 2.42497e-67
62 48 2.42497e-67
63 48 2.42497e-67
64 48 2.42497e-67
65 48 2.42497e-67
66 48 2.42497e-67
67 48 2.42497e-67
68 48 2.42497e-67
69 48 2.42497e-67
70 48 2.42497e-67
71 48 2.42497e-67
72 48 2.42497e-67
73 48 2.42497e-67
74 48 2.42497e-67
75 48 2.42497e-67
76 48 2.42497e-67
77 48 2.42497e-67
78 48 2.42497e-67
79 48 2.42497e-67
80 48 2.42497e-67
81 48 2.42497e-67
82 48 2.42497e-67
83 48 2.42497e-67
84 48 2.42497e-67
85 48 2.42497e-67
86 48 2.42497e-67
87 48 2.42497e-67
88 48 2.42497e-67
89 48 2.42497e-67
90 48 2.42497e-67
91 48 2.42497e-67
92 48 2.42497e-67
93 48 2.42497e-67
94 48 2.42497e-67
95 48 2.42497e-67
96 48 2.42497e-67
97 48 2.42497e-67
98 48 2.42497e-67
99 48 2.42497e-67
100 48 2.42497e-67
101 48 2.42497e-67
102 48 2.42497e-67
103 48 2.42497e-67
104 48 2.42497e-67
105 48 2.42497e-67
106 48 2.42497e-67
107 48 2.42497e-67
108 48 2.42497e-67
109 48 2.42497e-67
110 48 2.42497e-67
111 48 2.42497e-67
112 48 2.42497e-67
113 48 2.42497e-67
114 48 2.42497e-67
115 48 2.42497e-67
43 49 2.42497e-67
44 49 2.42497e-67
45 49 2.42497e-67
46 49 2.42497e-67
47 49 2.42497e-67
48 49 2.42497e-67
49 49 2.42497e-67
50 49 679232
51 49 1.31987e+08
52 49 2.1878e+08
53 49 1.49276e+07
54 49 2.42497e-67
55 49 2.42497e-67
56 49 2.42497e-67
57 49 2.42497e-67
58 49 2.42497e-67
59 49 2.42497e-67
60 49 2.42497e-67
61 49 2.42497e-67
62 49 2.42497e-67
63 49 2.42497e-67
64 49 2.42497e-67
65 49 2.42497e-67
66 49 2.42497e-67
67 49 2.42497e-67
68 49 2.42497e-67
69 49 2.42497e-67
70 49 2.42497e-67
71 49 2.42497e-67
72 49 2.42497e-67
73 49 2.42497e-67
74 49 2.42497e-67
75 49 2.42497e-67
76 49 2.42497e-67
77 49 2.42497e-67
78 49 2.42497e-67
79 49 2.42497e-67
80 49 2.42497e-67
81 49 2.42497e-67
82 49 2.42497e-67
83 49 2.42497e-67
84 49 2.42497e-67
85 49 2.42497e-67
86 49 2.42497e-67
87 49 2.42497e-67
88 49 2.42497e-67
89 49 2.42497e-67
90 49 2.42497e-67
91 49 2.42497e-67
92 49 2.42497e-67
93 49 2.42497e-67
94 49 2.42497e-67
95 49 2.42497e-67
96 49 2.42497e-67
97 49 2.42497e-67
98 49 2.42497e-67
99 49 2.42497e-67
100 49 2.42497e-67
101 49 2.42497e-67
102 49 2.42497e-67
103 49 2.42497e-67
104 49 2.42497e-67
105 49 2.42497e-67
106 49 2.42497e-67
107 49 2.42497e-67
108 49 2.42497e-67
109 49 2.42497e-67
110 49 2.42497e-67
111 49 2.42497e-67
112 49 2.42497e-67
113 49 2.42497e-67
114 49 2.42497e-67
115 49 2.42497e-67
116 49 2.42497e-67
117 49 2.42497e-67
44 50 2.42497e-67
45 50 2.42497e-67
46 50 2.42497e-67
47 50 2.42497e-67
48 50 2.42497e-67
49 50 2.42497e-67
50 50 2.42497e-67
51 50 2.42497e-67
52 50 2.42497e-67
53 50 2.42497e-67
54 50 2.42497e-67
55 50 2.42497e-67
56 50 2.42497e-67
57 50 2.42497e-67
58 50 2.42497e-67
59 50 2.42497e-67
60 50 2.42497e-67
61 50 2.42497e-67
62 50 2.42497e-67
63 50 2.42497e-67
64 50 2.42497e-67
65 50 2.42497e-67
66 50 2.42497e-67
67 50 2.42497e-67
68 50 2.42497e-67
69 50 2.42497e-67
70 50 2.42497e-67
71 50 2.42497e-67
72 50 2.42497e-67
73 50 2.42497e-67
74 50 2.42497e-67
75 50 2.42497e-67
76 50 2.42497e-67
77 50 2.42497e-67
78 50 2.42497e-67
79 50 2.42497e-67
80 50 2.42497e-67
81 50 2.42497e-67
82 50 2.42497e-67
83 50 2.42497e-67
84 50 2.42497e-67
85 50 2.42497e-67
86 50 2.42497e-67
87 50 2.42497e-67
88 50 2.42497e-67
89 50 2.42497e-67
90 50 2.42497e-67
91 50 2.42497e-67
92 50 2.42497e-67
93 50 2.42497e-67
94 50 2.42497e-67
95 50 2.42497e-67
96 50 2.42497e-67
97 50 2.42497e-67
98 50 2.42497e-67
99 50 2.42497e-67
100 50 2.42497e-67
101 50 2.42497e-67
102 50 2.42497e-67
103 50 2.42497e-67
104 50 2.42497e-67
105 50 2.42497e-67
106 50 2.42497e-67
107 50 2.42497e-67
108 50 2.42497e-67
109 50 2.42497e-67
110 50 2.42497e-67
111 50 2.42497e-67
112 50 2.42497e-67
113 50 2.42497e-67
114 50 2.42497e-67
115 50 2.42497e-67
116 50 2.42497e-67
117 50 2.42497e-67
118 50 2.42497e-67
119 50 2.42497e-67
46 51 2.42497e-67
47 51 2.42497e-67
48 51 2.42497e-67
49 51 2.42497e-67
50 51 2.42497e-67
51 51 2.42497e-67
52 51 2.42497e-67
53 51 2.42497e-67
54 51 2.42497e-67
55 51 2.42497e-67
56 51 2.42497e-67
57 51 2.42497e-67
58 51 2.42497e-67
59 51 2.42497e-67
60 51 2.42497e-67
61 51 2.42497e-67
62 51 2.42497e-67
63 51 2.42497e-67
64 51 2.42497e-67
65 51 2.42497e-67
66 51 2.42497e-67
67 51 2.42497e-67
68 51 2.42497e-67
69 51 2.42497e-67
70 51 2.42497e-67
71 51 2.42497e-67
72 51 2.42497e-67
73 51 2.42497e-67
74 51 2.42497e-67
75 51 2.42497e-67
76 51 2.42497e-67
77 51 2.42497e-67
78 51 2.42497e-67
79 51 2.42497e-67
80 51 2.42497e-67
81 51 2.42497e-67
82 51 2.42497e-67
83 51 2.42497e-67
84 51 2.42497e-67
85 51 2.42497e-67
86 51 2.42497e-67
87 51 2.42497e-67
88 51 2.42497e-67
89 51 2.42497e-67
90 51 2.42497e-67
91 51 2.42497e-67
92 51 2.42497e-67
93 51 2.42497e-67
94 51 2.42497e-67
95 51 2.42497e-67
96 51 2.42497e-67
97 51 2.42497e-67
98 51 2.42497e-67
99 51 2.42497e-67
100 51 2.42497e-67
101 51 2.42497e-67
102 51 2.42497e-67
103 51 2.42497e-67
104 51 2.42497e-67
105 51 2.42497e-67
106 51 2.42497e-67
107 51 2.42497e-67
108 51 2.42497e-67
109 51 2.42497e-67
110 51 2.42497e-67
111 51 2.42497e-67
112 51 2.42497e-67
113 51 2.42497e-67
114 51 2.42497e-67
115 51 2.42497e-67
116 51 2.42497e-67
117 51 2.42497e-67
118 51 2.42497e-67
119 51 2.42497e-67
120 51 2.42497e-67
121 51 2.42497e-67
47 52 2.42497e-67
48 52 2.42497e-67
49 52 2.42497e-67
50 52 2.42497e-67
51 52 2.42497e-67
52 52 2.42497e-67
53 52 2.42497e-67
54 52 2.42497e-67
55 52 2.42497e-67
56 52 2.42497e-67
57 52 2.42497e-67
58 52 2.42497e-67
59 52 2.42497e-67
60 52 2.42497e-67
61 52 2.42497e-67
62 52 2.42497e-67
63 52 2.42497e-67
64 52 2.42497e-67
65 52 2.42497e-67
66 52 2.42497e-67
67 52 2.42497e-67
68 52 2.42497e-67
69 52 2.42497e-67
70 52 2.42497e-67
71 52 2.42497e-67
72 52 2.42497e-67
73 52 2.42497e-67
74 52 2.42497e-67
75 52 2.42497e-67
76 52 2.42497e-67
77 52 2.42497e-67
78 52 2.42497e-67
79 52 2.42497e-67
80 52 2.42497e-67
81 52 2.42497e-67
82 52 2.42497e-67
83 52 2.42497e-67
84 52 2.42497e-67
85 52 2.42497e-67
86 52 2.42497e-67
87 52 2.42497e-67
88 52 2.42497e-67
89 52 2.42497e-67
90 52 2.42497e-67
91 52 2.42497e-67
92 52 2.42497e-67
93 52 2.42497e-67
94 52 2.42497e-67
95 52 2.42497e-67
96 52 2.42497e-67
97 52 2.42497e-67
98 52 2.42497e-67
99 52 2.42497e-67
100 52 2.42497e-67
101 52 2.42497e-67
102 52 2.42497e-67
103 52 2.42497e-67
104 52 2.42497e-67
105 52 2.42497e-67
106 52 2.42497e-67
107 52 2.42497e-67
108 52 2.42497e-67
109 52 2.42497e-67
110 52 2.42497e-67
111 52 2.42497e-67
112 52 2.42497e-67
113 52 2.42497e-67
114 52 2.42497e-67
115 52 2.42497e-67
116 52 2.42497e-67
117 52 2.42497e-67
118 52 2.42497e-67
119 52 2.42497e-67
120 52 2.42497e-67
121 52 2.42497e-67
122 52 2.42497e-67
123 52 2.42497e-67
124 52 2.42497e-67
48 53 2.42497e-67
49 53 2.42497e-67
50 53 2.42497e-67
51 53 2.42497e-67
52 53 2.42497e-67
53 53 2.42497e-67
54 53 2.42497e-67
55 53 2.42497e-67
56 53 2.42497e-67
57 53 2.42497e-67
58 53 2.42497e-67
59 53 2.42497e-67
60 53 2.42497e-67
61 53 2.42497e-67
62 53 2.42497e-67
63 53 2.42497e-67
64 53 2.42497e-67
65 53 2.42497e-67
66 53 2.42497e-67
67 53 2.42497e-67
68 53 2.42497e-67
69 53 2.42497e-67
70 53 2.42497e-67
71 53 2.42497e-67
72 53 2.42497e-67
73 53 2.42497e-67
74 53 2.42497e-67
75 53 2.42497e-67
76 53 2.42497e-67
77 53 2.42497e-67
78 53 2.42497e-67
79 53 2.42497e-67
80 53 2.42497e-67
81 53 2.42497e-67
82 53 2.42497e-67
83 53 2.42497e-67
84 53 2.42497e-67
85 53 2.42497e-67
86 53 2.42497e-67
87 53 2.42497e-67
88 53 2.42497e-67
89 53 2.42497e-67
90 53 2.42497e-67
91 53 2.42497e-67
92 53 2.42497e-67
93 53 2.42497e-67
94 53 2.42497e-67
95 53 2.42497e-67
96 53 2.42497e-67
97 53 2.42497e-67
98 53 2.42497e-67
99 53 2.42497e-67
100 53 2.42497e-67
101 53 2.42497e-67
102 53 2.42497e-67
103 53 2.42497e-67
104 53 2.42497e-67
105 53 2.42497e-67
106 53 2.42497e-67
107 53 2.42497e-67
108 53 2.42497e-67
109 53 2.42497e-67
110 53 2.42497e-67
111 53 2.42497e-67
112 53 2.42497e-67
113 53 2.42497e-67
114 53 2.42497e-67
115 53 2.42497e-67
116 53 2.42497e-67
117 53 2.42497e-67
118 53 2.42497e-67
119 53 2.42497e-67
120 53 2.42497e-67
121 53 2.42497e-67
122 53 2.42497e-67
123 53 2.42497e-67
124 53 2.42497e-67
125 53 2.42497e-67
126 53 2.42497e-67
49 54 2.42497e-67
50 54 2.42497e-67
51 54 2.42497e-67
52 54 2.42497e-67
53 54 2.42497e-67
54 54 2.42497e-67
55 54 2.42497e-67
56 54 2.42497e-67
57 54 2.42497e-67
58 54 2.42497e-67
59 54 2.42497e-67
60 54 2.42497e-67
61 54 2.42497e-67
62 54 2.42497e-67
63 54 2.42497e-67
64 54 2.42497e-67
65 54 2.42497e-67
66 54 2.42497e-67
67 54 2.42497e-67
68 54 2.42497e-67
69 54 2.42497e-67
70 54 2.42497e-67
71 54 2.42497e-67
72 54 2.42497e-67
73 54 2.42497e-67
74 54 2.42497e-67
75 54 2.42497e-67
76 54 2.42497e-67
77 54 2.42497e-67
78 54 2.42497e-67
79 54 2.42497e-67
80 54 2.42497e-67
81 54 2.42497e-67
82 54 2.42497e-67
83 54 2.42497e-67
84 54 2.42497e-67
85 54 2.42497e-67
86 54 2.42497e-67
87 54 2.42497e-67
88 54 2.42497e-67
89 54 2.42497e-67
90 54 2.42497e-67
91 54 2.42497e-67
92 54 2.42497e-67
93 54 2.42497e-67
94 54 2.42497e-67
95 54 2.42497e-67
96 54 2.42497e-67
97 54 2.42497e-67
98 54 2.42497e-67
99 54 2.42497e-67
100 54 2.42497e-67
101 54 2.42497e-67
102 54 2.42497e-67
103 54 2.42497e-67
104 54 2.42497e-67
105 54 2.42497e-67
106 54 2.42497e-67
107 54 2.42497e-67
108 54 2.42497e-67
109 54 2.42497e-67
110 54 2.42497e-67
111 54 2.42497e-67
112 54 2.42497e-67
113 54 2.42497e-67
114 54 2.42497e-67
115 54 2.42497e-67
116 54 2.42497e-67
117 54 2.42497e-67
118 54 2.42497e-67
119 54 2.42497e-67
120 54 2.42497e-67
121 54 2.42497e-67
122 54 2.42497e-67
123 54 2.42497e-67
124 54 2.42497e-67
125 54 2.42497e-67
126 54 2.42497e-67
127 54 2.42497e-67
128 54 2.42497e-67
51 55 2.42497e-67
52 55 2.42497e-67
53 55 2.42497e-67
54 55 2.42497e-67
55 55 2.42497e-67
56 55 2.42497e-67
57 55 2.42497e-67
58 55 2.42497e-67
59 55 2.42497e-67
60 55 2.42497e-67
61 55 2.42497e-67
62 55 2.42497e-67
63 55 2.42497e-67
64 55 2.42497e-67
65 55 2.42497e-67
66 55 2.42497e-67
67 55 2.42497e-67
68 55 2.42497e-67
69 55 2.42497e-67
70 55 2.42497e-67
71 55 2.42497e-67
72 55 2.42497e-67
73 55 2.42497e-67
74 55 2.42497e-67
75 55 2.42497e-67
76 55 2.42497e-67
77 55 2.42497e-67
78 55 2.42497e-67
79 55 2.42497e-67
80 55 2.42497e-67
81 55 2.42497e-67
82 55 2.42497e-67
83 55 2.42497e-67
84 55 2.42497e-67
85 55 2.42497e-67
86 55 2.42497e-67
87 55 2.42497e-67
88 55 2.42497e-67
89 55 2.42497e-67
90 55 2.42497e-67
91 55 2.42497e-67
92 55 2.42497e-67
93 55 2.42497e-67
94 55 2.42497e-67
95 55 2.42497e-67
96 55 2.42497e-67
97 55 2.42497e-67
98 55 2.42497e-67
99 55 2.42497e-67
100 55 2.42497e-67
101 55 2.42497e-67
102 55 2.42497e-67
103 55 2.42497e-67
104 55 2.42497e-67
105 55 2.42497e-67
106 55 2.42497e-67
107 55 2.42497e-67
108 55 2.42497e-67
109 55 2.42497e-67
110 55 2.42497e-67
111 55 2.42497e-67
112 55 2.42497e-67
113 55 2.42497e-67
114 55 2.42497e-67
115 55 2.42497e-67
116 55 2.42497e-67
117 55 2.42497e-67
118 55 2.42497e-67
119 55 2.42497e-67
120 55 2.42497e-67
121 55 2.42497e-67
122 55 2.42497e-67
123 55 2.42497e-67
124 55 2.42497e-67
125 55 2.42497e-67
126 55 2.42497e-67
127 55 2.42497e-67
128 55 2.42497e-67
129 55 2.42497e-67
130 55 2.42497e-67
52 56 2.42497e-67
53 56 2.42497e-67
54 56 2.42497e-67
55 56 2.42497e-67
56 56 2.42497e-67
57 56 2.42497e-67
58 56 2.42497e-67
59 56 2.42497e-67
60 56 2.42497e-67
61 56 2.42497e-67
62 56 2.42497e-67
63 56 2.42497e-67
64 56 2.42497e-67
65 56 2.42497e-67
66 56 2.42497e-67
67 56 2.42497e-67
68 56 2.42497e-67
69 56 2.42497e-67
70 56 2.42497e-67
71 56 2.42497e-67
72 56 2.42497e-67
73 56 2.42497e-67
74 56 2.42497e-67
75 56 2.42497e-67
76 56 2.42497e-67
77 56 2.42497e-67
78 56 2.42497e-67
79 56 2.42497e-67
80 56 2.42497e-67
81 56 2.42497e-67
82 56 2.42497e-67
83 56 2.42497e-67
84 56 2.42497e-67
85 56 2.42497e-67
86 56 2.42497e-67
87 56 2.42497e-67
88 56 2.42497e-67
89 56 2.42497e-67
90 56 2.42497e-67
91 56 2.42497e-67
92 56 2.42497e-67
93 56 2.42497e-67
94 56 2.42497e-67
95 56 2.42497e-67
96 56 2.42497e-67
97 56 2.42497e-67
98 56 2.42497e-67
99 56 2.42497e-67
100 56 2.42497e-67
101 56 2.42497e-67
102 56 2.42497e-67
103 56 2.42497e-67
104 56 2.42497e-67
105 56 2.42497e-67
106 56 2.42497e-67
107 56 2.42497e-67
108 56 2.42497e-67
109 56 2.42497e-67
110 56 2.42497e-67
111 56 2.42497e-67
112 56 2.42497e-67
113 56 2.42497e-67
114 56 2.42497e-67
115 56 2.42497e-67
116 56 2.42497e-67
117 56 2.42497e-67
118 56 2.42497e-67
119 56 2.42497e-67
120 56 2.42497e-67
121 56 2.42497e-67
122 56 2.42497e-67
123 56 2.42497e-67
124 56 2.42497e-67
125 56 2.42497e-67
126 56 2.42497e-67
127 56 2.42497e-67
128 56 2.42497e-67
129 56 2.42497e-67
130 56 2.42497e-67
131 56 2.42497e-67
132 56 2.42497e-67
133 56 2.42497e-67
53 57 2.42497e-67
54 57 2.42497e-67
55 57 2.42497e-67
56 57 2.42497e-67
57 57 2.42497e-67
58 57 2.42497e-67
59 57 2.42497e-67
60 57 2.42497e-67
61 57 2.42497e-67
62 57 2.42497e-67
63 57 2.42497e-67
64 57 2.42497e-67
65 57 2.42497e-67
66 57 2.42497e-67
67 57 2.42497e-67
68 57 2.42497e-67
69 57 2.42497e-67
70 57 2.42497e-67
71 57 2.42497e-67
72 57 2.42497e-67
73 57 2.42497e-67
74 57 2.42497e-67
75 57 2.42497e-67
76 57 2.42497e-67
77 57 2.42497e-67
78 57 2.42497e-67
79 57 2.42497e-67
80 57 2.42497e-67
81 57 2.42497e-67
82 57 2.42497e-67
83 57 2.42497e-67
84 57 2.42497e-67
85 57 2.42497e-67
86 57 2.42497e-67
87 57 2.42497e-67
88 57 2.42497e-67
89 57 2.42497e-67
90 57 2.42497e-67
91 57 2.42497e-67
92 57 2.42497e-67
93 57 2.42497e-67
94 57 2.42497e-67
95 57 2.42497e-67
96 57 2.42497e-67
97 57 2.42497e-67
98 57 2.42497e-67
99 57 2.42497e-67
100 57 2.42497e-67
101 57 2.42497e-67
102 57 2.42497e-67
103 57 2.42497e-67
104 57 2.42497e-67
105 57 2.42497e-67
106 57 2.42497e-67
107 57 2.42497e-67
108 57 2.42497e-67
109 57 2.42497e-67
110 57 2.42497e-67
111 57 2.42497e-67
112 57 2.42497e-67
113 57 2.42497e-67
114 57 2.42497e-67
115 57 2.42497e-67
116 57 2.42497e-67
117 57 2.42497e-67
118 57 2.42497e-67
119 57 2.42497e-67
120 57 2.42497e-67
121 57 2.42497e-67
122 57 2.42497e-67
123 57 2.42497e-67
124 57 2.42497e-67
125 57 2.42497e-67
126 57 2.42497e-67
127 57 2.42497e-67
128 57 2.42497e-67
129 57 2.42497e-67
130 57 2.42497e-67
131 57 2.42497e-67
132 57 2.42497e-67
133 57 2.42497e-67
134 57 2.42497e-67
135 57 2.42497e-67
55 58 2.42497e-67
56 58 2.42497e-67
57 58 2.42497e-67
58 58 2.42497e-67
59 58 2.42497e-67
60 58 2.42497e-67
61 58 2.42497e-67
62 58 2.42497e-67
63 58 2.42497e-67
64 58 2.42497e-67
65 58 2.42497e-67
66 58 2.42497e-67
67 58 2.42497e-67
68 58 2.42497e-67
69 58 2.42497e-67
70 58 2.42497e-67
71 58 2.42497e-67
72 58 2.42497e-67
73 58 2.42497e-67
74 58 2.42497e-67
75 58 2.42497e-67
76 58 2.42497e-67
77 58 2.42497e-67
78 58 2.42497e-67
79 58 2.42497e-67
80 58 2.42497e-67
81 58 2.42497e-67
82 58 2.42497e-67
83 58 2.42497e-67
84 58 2.42497e-67
85 58 2.42497e-67
86 58 2.42497e-67
87 58 2.42497e-67
88 58 2.42497e-67
89 58 2.42497e-67
90 58 2.42497e-67
91 58 2.42497e-67
92 58 2.42497e-67
93 58 2.42497e-67
94 58 2.42497e-67
95 58 2.42497e-67
96 58 2.42497e-67
97 58 2.42497e-67
98 58 2.42497e-67
99 58 2.42497e-67
100 58 2.42497e-67
101 58 2.42497e-67
102 58 2.42497e-67
103 58 2.42497e-67
104 58 2.42497e-67
105 58 2.42497e-67
106 58 2.42497e-67
107 58 2.42497e-67
108 58 2.42497e-67
109 58 2.42497e-67
110 58 2.42497e-67
111 58 2.42497e-67
112 58 2.42497e-67
113 58 2.42497e-67
114 58 2.42497e-67
115 58 2.42497e-67
116 58 2.42497e-67
117 58 2.42497e-67
118 58 2.42497e-67
119 58 2.42497e-67
120 58 2.42497e-67
121 58 2.42497e-67
122 58 2.42497e-67
123 58 2.42497e-67
124 58 2.42497e-67
125 58 2.42497e-67
126 58 2.42497e-67
127 58 2.42497e-67
128 58 2.42497e-67
129 58 2.42497e-67
130 58 2.42497e-67
131 58 2.42497e-67
132 58 2.42497e-67
133 58 2.42497e-67
134 58 2.42497e-67
135 58 2.42497e-67
136 58 2.42497e-67
137 58 2.42497e-67
