12551
12909
6797
12907
11123
11124
10056
13627
5717
4631
5710
13272
5719
8234
13629
8233
7875
12195
4638
12901
11125
11122
15772
12550
12908
6798
13274
12194
4639
7880
7874
8232
5720
10402
8235
7873
12193
13273
4265
13628
5711
4637
4630
11838
3907
6440
2477
3909
11836
4981
14345
3195
13963
8589
6077
4986
6070
14719
3192
15069
7156
14710
6079
15067
14728
16843
6425
12887
3908
3550
11837
2476
16482
2478
11839
3906
10772
14716
15066
4989
14711
6078
15068
13991
3193
7157
6071
14718
10380
14720
4980
3194
11841
6430
7516
15429
8595
3189
15072
6437
15411
14705
15081
13985
6065
15427
14350
6439
8964
300
10768
8963
1026
11481
3912
11472
11486
2833
10759
13977
14351
6438
14356
4992
8593
15074
15428
11840
6431
15073
8594
10767
11487
11480
10760
2835
10769
8962
3545
4276
5350
1394
5357
4271
5705
10044
8217
4624
5359
10043
1759
8244
8243
12543
1757
12544
2121
5358
10042
4270
1392
5351
1395
12542
1756
4640
16129
8242
1760
7497
11130
1758
2116
13623
5348
12198
13624
4269
8239
4632
7876
12196
5346
13271
8237
11129
12552
2108
8600
11127
16130
11120
14694
10401
8236
13270
4266
1370
12197
13248
5347
9321
8207
8238
5349
9326
5712
11121
662
11119
12902
11126
12553
8601
11128
12554
15785
4985
1400
7155
8921
4982
15409
6080
3196
14714
6426
14713
9664
3198
14323
10770
2474
3552
11835
5000
3199
14712
14349
14715
12885
3197
6429
13992
6072
1031
3553
2475
10771
3905
1025
8958
11478
3547
11471
11829
6800
11485
11482
3549
3911
15049
4999
14706
8591
15082
11842
7515
8596
6068
14701
9682
15071
13988
15078
15047
4997
13986
6066
8598
4990
3548
3910
11477
2836
11483
8957
11484
11479
3546
6067
8599
13987
14355
4991
13980
14709
14352
7514
6056
11843
6432
15070
9683
8597
6069
7513
4998
8590
15077
9684
8240
2113
12549
1762
3200
2114
2122
4272
10415
12184
13264
12183
5708
5706
6789
12541
1755
2123
8246
2115
1764
8241
1763
5707
10041
5352
5709
10413
1391
4628
13265
10414
343tracers have error. Total error mass:9.33591e+31(0.0469377)
