13638
4639
5727
5375
5372
5729
12916
6796
3210
4652
5373
5728
5374
13637
5726
13639
16146
15076
6078
14362
15082
6085
3193
3194
13981
6082
15078
10753
5005
10754
5002
15446
3559
15441
3195
15079
15422
10396
7156
15083
14363
15077
14364
15084
15440
3558
15447
3560
10755
3556
5003
5004
5019
3914
3913
5010
11835
14722
15431
15438
14714
5011
5016
5020
3915
14715
15439
6437
14724
14723
15437
4647
4640
11116
14000
12555
10030
5367
5369
4284
12196
4283
4277
4648
4641
12554
13640
14001
4646
12553
4282
5368
5357
5733
4278
5366
3213
10028
12915
4651
5724
5723
5371
5376
11101
12914
12913
6794
5377
5370
13633
5725
5001
3554
3553
5006
15442
5008
15445
15075
15081
14361
14359
15086
6081
6086
3190
15088
14357
5009
15444
15443
11473
5007
10756
5000
7155
3196
10395
14358
15073
10733
15087
14360
15080
15074
15432
14719
14721
13997
14717
7514
13999
4998
7513
2836
3917
11836
3919
13998
4999
14716
14720
2852
4997
15433
14718
5015
3918
5012
2461
3920
10744
2806
3916
3549
12195
4280
4273
4287
5731
4643
11115
14003
12556
4644
14004
12193
13273
4286
5730
13274
12194
13280
4288
5365
4645
11113
3209
4642
11114
14002
202tracers have error. Total error mass:8.76452e+31(0.044065)
